{
  "advancedEditorSelectedIdentifier" : "ProjectBrowser",
  "openSceneRelativePaths" : [
    "BenchVolumetric.usda",
    "Untitled Scene.usda"
  ],
  "recentIdentifiers" : {
    "AF09ED6F-1707-48FD-8720-65B998362C09" : [

    ],
    "B5028534-608A-4756-B329-D095F0AA4317" : [

    ],
    "E4AC33E5-DC19-4098-9EDC-CCF9CE5E8679" : [

    ]
  },
  "sceneCameraHistory" : {
    "AF09ED6F-1707-48FD-8720-65B998362C09" : [
      {
        "date" : 765298790.056336,
        "title" : "Untitled",
        "transform" : [
          -0.9564156,
          5.6421694e-09,
          -0.29200917,
          0,
          -0.11297253,
          0.92212987,
          0.3700187,
          0,
          0.2692704,
          0.3868808,
          -0.8819391,
          0,
          0.50398713,
          0.75534093,
          -0.989742,
          1
        ]
      },
      {
        "date" : 765281858.300377,
        "title" : "Untitled",
        "transform" : [
          -0.9564156,
          5.6421694e-09,
          -0.29200917,
          0,
          -0.11297253,
          0.92212987,
          0.3700187,
          0,
          0.26927042,
          0.38688084,
          -0.88193923,
          0,
          15.057419,
          22.567005,
          -29.570107,
          1
        ]
      },
      {
        "date" : 765281851.943391,
        "title" : "Untitled",
        "transform" : [
          -0.35856727,
          4.5700776e-09,
          -0.9335039,
          0,
          -0.26248193,
          0.9596553,
          0.100821845,
          0,
          0.89584184,
          0.28117955,
          -0.34410083,
          0,
          34.805977,
          18.781012,
          -7.4153423,
          1
        ]
      },
      {
        "date" : 765281844.81028,
        "title" : "Untitled",
        "transform" : [
          -0.41326776,
          4.070998e-09,
          0.9106095,
          0,
          0.21044496,
          0.97292924,
          0.09550744,
          0,
          -0.8859586,
          0.23110351,
          -0.40208042,
          0,
          -30.025288,
          16.950373,
          -19.863863,
          1
        ]
      },
      {
        "date" : 765281822.511545,
        "title" : "Untitled",
        "transform" : [
          -0.76891154,
          4.182567e-09,
          0.63935506,
          0,
          0.15899372,
          0.9685862,
          0.1912114,
          0,
          -0.61927044,
          0.2486783,
          -0.7447572,
          0,
          -0.33138627,
          0.5897576,
          -1.0898066,
          1
        ]
      },
      {
        "date" : 765281536.998877,
        "title" : "Untitled",
        "transform" : [
          0.95030355,
          -5.5244946e-09,
          -0.31132483,
          0,
          -0.08867218,
          0.95858043,
          -0.27066705,
          0,
          0.2984298,
          0.28482187,
          0.91094244,
          0,
          -0.10027619,
          0.628708,
          1.1135437,
          1
        ]
      },
      {
        "date" : 765281518.1967,
        "title" : "Untitled",
        "transform" : [
          0.6242247,
          5.3524523e-08,
          -0.7812448,
          0,
          -0.29525504,
          0.92583466,
          -0.2359124,
          0,
          0.72330326,
          0.37792897,
          0.57792914,
          0,
          0.12877846,
          0.1974354,
          0.25655636,
          1
        ]
      },
      {
        "date" : 765281492.813456,
        "title" : "Untitled",
        "transform" : [
          0.63046443,
          3.944746e-08,
          0.7762181,
          0,
          0.123389326,
          0.98728466,
          -0.10022018,
          0,
          -0.7663484,
          0.1589624,
          0.62244755,
          0,
          -0.52423924,
          0.22745886,
          0.16212153,
          1
        ]
      },
      {
        "date" : 765281477.230183,
        "title" : "Untitled",
        "transform" : [
          0.9997061,
          -3.782716e-09,
          0.02424402,
          0,
          -0.00094264356,
          0.99924403,
          0.038865954,
          0,
          -0.024225721,
          -0.03887741,
          0.99895024,
          0,
          -0.21712461,
          0.123661906,
          0.5109896,
          1
        ]
      },
      {
        "date" : 765281474.911728,
        "title" : "Untitled",
        "transform" : [
          0.32995152,
          -3.344823e-09,
          -0.94399786,
          0,
          -0.41507745,
          0.89814395,
          -0.14508013,
          0,
          0.8478459,
          0.4397016,
          0.29634398,
          0,
          0.1878485,
          0.34916317,
          0.26407996,
          1
        ]
      }
    ],
    "B5028534-608A-4756-B329-D095F0AA4317" : [
      {
        "date" : 765462429.472226,
        "title" : "Untitled",
        "transform" : [
          0.9978262,
          1.7213918e-09,
          0.06589892,
          0,
          0.021763429,
          0.9438918,
          -0.32953674,
          0,
          -0.062201492,
          0.33025458,
          0.94184005,
          0,
          -0.15584508,
          0.8319205,
          2.3663392,
          1
        ]
      },
      {
        "date" : 765462423.738904,
        "title" : "Untitled",
        "transform" : [
          0.18518916,
          1.8743496e-09,
          -0.98270285,
          0,
          -0.26144636,
          0.9639598,
          -0.049269255,
          0,
          0.947286,
          0.2660482,
          0.17851493,
          0,
          2.3767548,
          0.670967,
          0.4554097,
          1
        ]
      },
      {
        "date" : 765462421.552057,
        "title" : "Untitled",
        "transform" : [
          1,
          0,
          0,
          0,
          0,
          0.7071069,
          -0.70710677,
          0,
          0,
          0.70710677,
          0.7071069,
          0,
          6.849371e-05,
          1.7761601,
          1.7763218,
          1
        ]
      }
    ],
    "E4AC33E5-DC19-4098-9EDC-CCF9CE5E8679" : [
      {
        "date" : 765462545.733905,
        "title" : "Untitled",
        "transform" : [
          0.18220657,
          -5.3184435e-06,
          -0.9832603,
          0,
          0.05692115,
          0.99832296,
          0.010542581,
          0,
          0.9816113,
          -0.05788919,
          0.18190128,
          0,
          1.2682885,
          0.30691165,
          0.21258023,
          1
        ]
      },
      {
        "date" : 765299013.140401,
        "title" : "Untitled",
        "transform" : [
          0.9981869,
          -5.3271738e-06,
          0.060190752,
          0,
          0.023063775,
          0.9237082,
          -0.38240176,
          0,
          -0.055596627,
          0.3830967,
          0.92203355,
          0,
          -0.039567497,
          0.836726,
          1.0228708,
          1
        ]
      },
      {
        "date" : 765299009.908138,
        "title" : "Untitled",
        "transform" : [
          0.9938461,
          -5.320079e-06,
          -0.1107691,
          0,
          -0.037932303,
          0.9395216,
          -0.3403826,
          0,
          0.104071744,
          0.3424897,
          0.9337397,
          0,
          0.13776973,
          0.79171723,
          1.050056,
          1
        ]
      },
      {
        "date" : 759591399.416922,
        "title" : "Untitled",
        "transform" : [
          0.9997486,
          -5.32152e-06,
          0.022420615,
          0,
          0.010657442,
          0.87991434,
          -0.47501287,
          0,
          -0.019725692,
          0.47513238,
          0.87969315,
          0,
          0.0008257091,
          0.93568355,
          0.93322206,
          1
        ]
      },
      {
        "date" : 759591395.163537,
        "title" : "Untitled",
        "transform" : [
          1,
          0,
          0,
          0,
          0,
          0.7071069,
          -0.70710677,
          0,
          0,
          0.70710677,
          0.7071069,
          0,
          -0.0016373658,
          0.93570787,
          0.9366347,
          1
        ]
      },
      {
        "date" : 759591387.780203,
        "title" : "Untitled",
        "transform" : [
          1,
          0,
          0,
          0,
          0,
          0.7071069,
          -0.70710677,
          0,
          0,
          0.70710677,
          0.7071069,
          0,
          -0.0016373658,
          3.1699994,
          3.170927,
          1
        ]
      },
      {
        "date" : 759591374.184435,
        "title" : "Untitled",
        "transform" : [
          1,
          0,
          0,
          0,
          0,
          0.7071069,
          -0.70710677,
          0,
          0,
          0.70710677,
          0.7071069,
          0,
          -0.0013312491,
          2.9192512,
          2.920006,
          1
        ]
      }
    ]
  },
  "sceneViewportBackgroundColors" : {

  },
  "selectedSceneRelativePath" : "ColumnVolumetric.usda"
}