{
  "advancedEditorSelectedIdentifier" : "ProjectBrowser",
  "openSceneRelativePaths" : [
    "Prague.usda",
    "Prague 2.usda",
    "Olšany\/Gravestone 1.usda",
    "Gravestone 1.usda",
    "Gravestone 2.usda",
    "Gravestone 3.usda",
    "Gravestone 4.usda"
  ],
  "recentIdentifiers" : {
    "AF09ED6F-1707-48FD-8720-65B998362C09" : [

    ],
    "B5028534-608A-4756-B329-D095F0AA4317" : [

    ],
    "E4AC33E5-DC19-4098-9EDC-CCF9CE5E8679" : [

    ]
  },
  "sceneCameraHistory" : {
    "1E1D8FD4-0C0D-4EE2-A501-30940DD88CC4" : [
      {
        "date" : 766259224.160715,
        "title" : "Untitled",
        "transform" : [
          0.9998123,
          9.540568e-10,
          -0.019380268,
          0,
          -0.012043301,
          0.7834771,
          -0.6213041,
          0,
          0.015183989,
          0.6214208,
          0.78332996,
          0,
          -0.0033917613,
          0.22457425,
          0.19910571,
          1
        ]
      },
      {
        "date" : 766259221.030107,
        "title" : "Untitled",
        "transform" : [
          0.99788576,
          5.849579e-10,
          0.06499299,
          0,
          0.016017213,
          0.9691568,
          -0.24592422,
          0,
          -0.06298839,
          0.24644527,
          0.9671077,
          0,
          -0.023862429,
          0.12943964,
          0.27365845,
          1
        ]
      },
      {
        "date" : 766259198.25702,
        "title" : "Untitled",
        "transform" : [
          0.99788576,
          5.849579e-10,
          0.06499299,
          0,
          0.016017213,
          0.9691568,
          -0.24592422,
          0,
          -0.06298839,
          0.24644527,
          0.9671077,
          0,
          -0.19850254,
          1.0767593,
          2.2764614,
          1
        ]
      },
      {
        "date" : 766259190.90997,
        "title" : "Untitled",
        "transform" : [
          0.9961705,
          -2.0893056e-09,
          0.087431006,
          0,
          0.037145615,
          0.905261,
          -0.42322916,
          0,
          -0.07914786,
          0.42485592,
          0.9017944,
          0,
          -0.1974902,
          1.0712957,
          2.2649841,
          1
        ]
      },
      {
        "date" : 766259187.729889,
        "title" : "Untitled",
        "transform" : [
          0.99982375,
          -1.7056832e-09,
          0.01877709,
          0,
          0.0097721955,
          0.85390353,
          -0.52033967,
          0,
          -0.0160338,
          0.5204312,
          0.85375303,
          0,
          -0.039962195,
          1.3097513,
          2.1439648,
          1
        ]
      },
      {
        "date" : 766259180.249241,
        "title" : "Untitled",
        "transform" : [
          1,
          0,
          0,
          0,
          0,
          0.7071069,
          -0.70710677,
          0,
          0,
          0.70710677,
          0.7071069,
          0,
          2.9607476e-05,
          1.7750335,
          1.7754607,
          1
        ]
      }
    ],
    "2F444CF1-0280-4FFC-9A2C-705BC0F8C5CD" : [
      {
        "date" : 766259437.36033,
        "title" : "Untitled",
        "transform" : [
          0.99975187,
          -3.2392306e-10,
          -0.022278579,
          0,
          -0.004962035,
          0.974881,
          -0.22267146,
          0,
          0.02171896,
          0.22272673,
          0.97463894,
          0,
          0.01774297,
          0.5314512,
          0.9635169,
          1
        ]
      },
      {
        "date" : 766259416.011595,
        "title" : "Untitled",
        "transform" : [
          0.99975187,
          -3.2392306e-10,
          -0.022278579,
          0,
          -0.004962035,
          0.974881,
          -0.22267146,
          0,
          0.02171896,
          0.22272673,
          0.97463894,
          0,
          0.010153018,
          0.30411103,
          0.55135113,
          1
        ]
      }
    ],
    "381688B1-79BC-4ECD-A0B5-7D1BF3799BF2" : [
      {
        "date" : 766259484.232673,
        "title" : "Untitled",
        "transform" : [
          1,
          0,
          0,
          0,
          0,
          0.7071069,
          -0.70710677,
          0,
          0,
          0.70710677,
          0.7071069,
          0,
          0,
          0.6377327,
          0.6377327,
          1
        ]
      },
      {
        "date" : 766259475.821368,
        "title" : "Untitled",
        "transform" : [
          1,
          0,
          0,
          0,
          0,
          0.7071069,
          -0.70710677,
          0,
          0,
          0.70710677,
          0.7071069,
          0,
          0,
          0.29652396,
          0.29652396,
          1
        ]
      },
      {
        "date" : 766259468.454649,
        "title" : "Untitled",
        "transform" : [
          1,
          0,
          0,
          0,
          0,
          0.7071069,
          -0.70710677,
          0,
          0,
          0.70710677,
          0.7071069,
          0,
          0,
          0.5318892,
          0.5318892,
          1
        ]
      },
      {
        "date" : 766259466.896191,
        "title" : "Untitled",
        "transform" : [
          1,
          0,
          0,
          0,
          0,
          0.7071069,
          -0.70710677,
          0,
          0,
          0.70710677,
          0.7071069,
          0,
          0,
          0.69241774,
          0.69241774,
          1
        ]
      }
    ],
    "52C52BA8-CABF-41D1-949E-5888E0FDA475" : [
      {
        "date" : 765984814.376073,
        "title" : "Untitled",
        "transform" : [
          1,
          0,
          0,
          0,
          0,
          0.7071069,
          -0.70710677,
          0,
          0,
          0.70710677,
          0.7071069,
          0,
          0,
          1.8490541,
          1.8490543,
          1
        ]
      }
    ],
    "62A8A876-D318-4B19-8108-9718D8D8D00E" : [
      {
        "date" : 766259451.523062,
        "title" : "Untitled",
        "transform" : [
          0.9936903,
          -1.1538734e-09,
          -0.11215919,
          0,
          -0.050918374,
          0.89101034,
          -0.45111856,
          0,
          0.099935,
          0.45398304,
          0.8853883,
          0,
          0.0735594,
          0.66871774,
          0.5668395,
          1
        ]
      },
      {
        "date" : 766259098.645737,
        "title" : "Untitled",
        "transform" : [
          0.9936903,
          -1.1538734e-09,
          -0.11215919,
          0,
          -0.050918367,
          0.8910102,
          -0.4511185,
          0,
          0.099935,
          0.45398304,
          0.8853883,
          0,
          0.029769784,
          0.27063268,
          0.22940221,
          1
        ]
      },
      {
        "date" : 766259093.983651,
        "title" : "Untitled",
        "transform" : [
          0.9988867,
          1.7347977e-10,
          -0.04717363,
          0,
          -0.015436873,
          0.94494283,
          -0.32687092,
          0,
          0.044576384,
          0.32723522,
          0.9438909,
          0,
          0.016409915,
          0.23628128,
          0.2658111,
          1
        ]
      },
      {
        "date" : 766259091.723741,
        "title" : "Untitled",
        "transform" : [
          0.9988867,
          1.7347977e-10,
          -0.04717363,
          0,
          -0.015436873,
          0.94494283,
          -0.32687092,
          0,
          0.044576384,
          0.32723522,
          0.9438909,
          0,
          0.014808302,
          0.21322012,
          0.23986782,
          1
        ]
      },
      {
        "date" : 766259074.958119,
        "title" : "Untitled",
        "transform" : [
          0.9988867,
          1.7347977e-10,
          -0.04717363,
          0,
          -0.015436873,
          0.94494283,
          -0.32687092,
          0,
          0.044576384,
          0.32723522,
          0.9438909,
          0,
          0.1192079,
          1.7164371,
          1.9309535,
          1
        ]
      },
      {
        "date" : 766259071.826658,
        "title" : "Untitled",
        "transform" : [
          0.99988294,
          2.0712543e-10,
          0.015302521,
          0,
          0.005861308,
          0.92373633,
          -0.38298407,
          0,
          -0.014135495,
          0.38302895,
          0.9236282,
          0,
          0,
          1.8287902,
          1.8287904,
          1
        ]
      }
    ],
    "79F28EC9-1893-40D3-A4F6-E84F98B3E9ED" : [
      {
        "date" : 765893727.944758,
        "title" : "Untitled",
        "transform" : [
          1,
          0,
          0,
          0,
          0,
          0.7071069,
          -0.70710677,
          0,
          0,
          0.70710677,
          0.7071069,
          0,
          0,
          0.72716963,
          0.7271698,
          1
        ]
      }
    ],
    "AF09ED6F-1707-48FD-8720-65B998362C09" : [
      {
        "date" : 765298790.056336,
        "title" : "Untitled",
        "transform" : [
          -0.9564156,
          5.6421694e-09,
          -0.29200917,
          0,
          -0.11297253,
          0.92212987,
          0.3700187,
          0,
          0.2692704,
          0.3868808,
          -0.8819391,
          0,
          0.50398713,
          0.75534093,
          -0.989742,
          1
        ]
      },
      {
        "date" : 765281858.300377,
        "title" : "Untitled",
        "transform" : [
          -0.9564156,
          5.6421694e-09,
          -0.29200917,
          0,
          -0.11297253,
          0.92212987,
          0.3700187,
          0,
          0.26927042,
          0.38688084,
          -0.88193923,
          0,
          15.057419,
          22.567005,
          -29.570107,
          1
        ]
      },
      {
        "date" : 765281851.943391,
        "title" : "Untitled",
        "transform" : [
          -0.35856727,
          4.5700776e-09,
          -0.9335039,
          0,
          -0.26248193,
          0.9596553,
          0.100821845,
          0,
          0.89584184,
          0.28117955,
          -0.34410083,
          0,
          34.805977,
          18.781012,
          -7.4153423,
          1
        ]
      },
      {
        "date" : 765281844.81028,
        "title" : "Untitled",
        "transform" : [
          -0.41326776,
          4.070998e-09,
          0.9106095,
          0,
          0.21044496,
          0.97292924,
          0.09550744,
          0,
          -0.8859586,
          0.23110351,
          -0.40208042,
          0,
          -30.025288,
          16.950373,
          -19.863863,
          1
        ]
      },
      {
        "date" : 765281822.511545,
        "title" : "Untitled",
        "transform" : [
          -0.76891154,
          4.182567e-09,
          0.63935506,
          0,
          0.15899372,
          0.9685862,
          0.1912114,
          0,
          -0.61927044,
          0.2486783,
          -0.7447572,
          0,
          -0.33138627,
          0.5897576,
          -1.0898066,
          1
        ]
      },
      {
        "date" : 765281536.998877,
        "title" : "Untitled",
        "transform" : [
          0.95030355,
          -5.5244946e-09,
          -0.31132483,
          0,
          -0.08867218,
          0.95858043,
          -0.27066705,
          0,
          0.2984298,
          0.28482187,
          0.91094244,
          0,
          -0.10027619,
          0.628708,
          1.1135437,
          1
        ]
      },
      {
        "date" : 765281518.1967,
        "title" : "Untitled",
        "transform" : [
          0.6242247,
          5.3524523e-08,
          -0.7812448,
          0,
          -0.29525504,
          0.92583466,
          -0.2359124,
          0,
          0.72330326,
          0.37792897,
          0.57792914,
          0,
          0.12877846,
          0.1974354,
          0.25655636,
          1
        ]
      },
      {
        "date" : 765281492.813456,
        "title" : "Untitled",
        "transform" : [
          0.63046443,
          3.944746e-08,
          0.7762181,
          0,
          0.123389326,
          0.98728466,
          -0.10022018,
          0,
          -0.7663484,
          0.1589624,
          0.62244755,
          0,
          -0.52423924,
          0.22745886,
          0.16212153,
          1
        ]
      },
      {
        "date" : 765281477.230183,
        "title" : "Untitled",
        "transform" : [
          0.9997061,
          -3.782716e-09,
          0.02424402,
          0,
          -0.00094264356,
          0.99924403,
          0.038865954,
          0,
          -0.024225721,
          -0.03887741,
          0.99895024,
          0,
          -0.21712461,
          0.123661906,
          0.5109896,
          1
        ]
      },
      {
        "date" : 765281474.911728,
        "title" : "Untitled",
        "transform" : [
          0.32995152,
          -3.344823e-09,
          -0.94399786,
          0,
          -0.41507745,
          0.89814395,
          -0.14508013,
          0,
          0.8478459,
          0.4397016,
          0.29634398,
          0,
          0.1878485,
          0.34916317,
          0.26407996,
          1
        ]
      }
    ],
    "B5028534-608A-4756-B329-D095F0AA4317" : [
      {
        "date" : 765462429.472226,
        "title" : "Untitled",
        "transform" : [
          0.9978262,
          1.7213918e-09,
          0.06589892,
          0,
          0.021763429,
          0.9438918,
          -0.32953674,
          0,
          -0.062201492,
          0.33025458,
          0.94184005,
          0,
          -0.15584508,
          0.8319205,
          2.3663392,
          1
        ]
      },
      {
        "date" : 765462423.738904,
        "title" : "Untitled",
        "transform" : [
          0.18518916,
          1.8743496e-09,
          -0.98270285,
          0,
          -0.26144636,
          0.9639598,
          -0.049269255,
          0,
          0.947286,
          0.2660482,
          0.17851493,
          0,
          2.3767548,
          0.670967,
          0.4554097,
          1
        ]
      },
      {
        "date" : 765462421.552057,
        "title" : "Untitled",
        "transform" : [
          1,
          0,
          0,
          0,
          0,
          0.7071069,
          -0.70710677,
          0,
          0,
          0.70710677,
          0.7071069,
          0,
          6.849371e-05,
          1.7761601,
          1.7763218,
          1
        ]
      }
    ],
    "BCDDAF34-13C7-4BE5-8041-75BB7BBEF432" : [
      {
        "date" : 766259289.59063,
        "title" : "Untitled",
        "transform" : [
          0.016748313,
          1.4284104e-09,
          -0.9998597,
          0,
          -0.5589575,
          0.82914346,
          -0.009362899,
          0,
          0.8290272,
          0.55903596,
          0.013886723,
          0,
          1.4791311,
          1.8712356,
          0.12552235,
          1
        ]
      },
      {
        "date" : 766259270.011139,
        "title" : "Untitled",
        "transform" : [
          0.044865187,
          1.9702984e-09,
          -0.99899304,
          0,
          0.032711826,
          0.99946374,
          0.0014691108,
          0,
          0.99845725,
          -0.032744773,
          0.044841092,
          0,
          3.387887,
          0.95985997,
          0.3013456,
          1
        ]
      },
      {
        "date" : 766259256.137104,
        "title" : "Untitled",
        "transform" : [
          -0.09112399,
          -7.3919444e-09,
          -0.99583954,
          0,
          -0.10119594,
          0.99482346,
          0.009259906,
          0,
          0.99068445,
          0.10161871,
          -0.0906523,
          0,
          1.831374,
          0.791773,
          -0.076050974,
          1
        ]
      },
      {
        "date" : 766259248.928039,
        "title" : "Untitled",
        "transform" : [
          0.32416978,
          -7.207131e-09,
          -0.9459989,
          0,
          -0.24022242,
          0.9672212,
          -0.08231812,
          0,
          0.9149902,
          0.2539352,
          0.31354386,
          0,
          1.5724951,
          1.0625925,
          0.627695,
          1
        ]
      },
      {
        "date" : 766259001.508787,
        "title" : "Untitled",
        "transform" : [
          0.5737288,
          -5.5153517e-09,
          -0.8190454,
          0,
          -0.14239721,
          0.9847708,
          -0.09974706,
          0,
          0.8065719,
          0.17385752,
          0.5649913,
          0,
          0.34225264,
          0.21636517,
          0.2632942,
          1
        ]
      },
      {
        "date" : 766258936.844301,
        "title" : "Untitled",
        "transform" : [
          0.99995166,
          4.2632708e-10,
          -0.009839769,
          0,
          0.0011440191,
          0.99321824,
          0.116259225,
          0,
          0.009773041,
          -0.11626486,
          0.9931702,
          0,
          -0.014611481,
          0.0833711,
          0.47551063,
          1
        ]
      },
      {
        "date" : 766258933.531875,
        "title" : "Untitled",
        "transform" : [
          0.9980415,
          4.236984e-10,
          -0.06255638,
          0,
          0.005868368,
          0.9955902,
          0.093625546,
          0,
          0.062280517,
          -0.09380928,
          0.9936403,
          0,
          0.010006034,
          0.093937516,
          0.47325504,
          1
        ]
      },
      {
        "date" : 766258929.646058,
        "title" : "Untitled",
        "transform" : [
          0.99999374,
          -8.0978155e-11,
          -0.0035374837,
          0,
          0.00084055745,
          0.97135955,
          0.237613,
          0,
          0.0034361684,
          -0.2376145,
          0.9713535,
          0,
          0.010006034,
          0.093937516,
          0.47325504,
          1
        ]
      },
      {
        "date" : 766258911.085469,
        "title" : "Untitled",
        "transform" : [
          0.99999374,
          -8.0978155e-11,
          -0.0035374837,
          0,
          0.00084055745,
          0.97135955,
          0.237613,
          0,
          0.0034361684,
          -0.2376145,
          0.9713535,
          0,
          0.088462375,
          0.8304918,
          4.1840005,
          1
        ]
      },
      {
        "date" : 766258905.893963,
        "title" : "Untitled",
        "transform" : [
          0.9997877,
          -1.07770126e-10,
          -0.020605301,
          0,
          -0.003987689,
          0.98109496,
          -0.1934863,
          0,
          0.020215755,
          0.19352742,
          0.98088664,
          0,
          0.06463858,
          0.62349325,
          3.1427662,
          1
        ]
      }
    ],
    "E4AC33E5-DC19-4098-9EDC-CCF9CE5E8679" : [
      {
        "date" : 765462545.733905,
        "title" : "Untitled",
        "transform" : [
          0.18220657,
          -5.3184435e-06,
          -0.9832603,
          0,
          0.05692115,
          0.99832296,
          0.010542581,
          0,
          0.9816113,
          -0.05788919,
          0.18190128,
          0,
          1.2682885,
          0.30691165,
          0.21258023,
          1
        ]
      },
      {
        "date" : 765299013.140401,
        "title" : "Untitled",
        "transform" : [
          0.9981869,
          -5.3271738e-06,
          0.060190752,
          0,
          0.023063775,
          0.9237082,
          -0.38240176,
          0,
          -0.055596627,
          0.3830967,
          0.92203355,
          0,
          -0.039567497,
          0.836726,
          1.0228708,
          1
        ]
      },
      {
        "date" : 765299009.908138,
        "title" : "Untitled",
        "transform" : [
          0.9938461,
          -5.320079e-06,
          -0.1107691,
          0,
          -0.037932303,
          0.9395216,
          -0.3403826,
          0,
          0.104071744,
          0.3424897,
          0.9337397,
          0,
          0.13776973,
          0.79171723,
          1.050056,
          1
        ]
      },
      {
        "date" : 759591399.416922,
        "title" : "Untitled",
        "transform" : [
          0.9997486,
          -5.32152e-06,
          0.022420615,
          0,
          0.010657442,
          0.87991434,
          -0.47501287,
          0,
          -0.019725692,
          0.47513238,
          0.87969315,
          0,
          0.0008257091,
          0.93568355,
          0.93322206,
          1
        ]
      },
      {
        "date" : 759591395.163537,
        "title" : "Untitled",
        "transform" : [
          1,
          0,
          0,
          0,
          0,
          0.7071069,
          -0.70710677,
          0,
          0,
          0.70710677,
          0.7071069,
          0,
          -0.0016373658,
          0.93570787,
          0.9366347,
          1
        ]
      },
      {
        "date" : 759591387.780203,
        "title" : "Untitled",
        "transform" : [
          1,
          0,
          0,
          0,
          0,
          0.7071069,
          -0.70710677,
          0,
          0,
          0.70710677,
          0.7071069,
          0,
          -0.0016373658,
          3.1699994,
          3.170927,
          1
        ]
      },
      {
        "date" : 759591374.184435,
        "title" : "Untitled",
        "transform" : [
          1,
          0,
          0,
          0,
          0,
          0.7071069,
          -0.70710677,
          0,
          0,
          0.70710677,
          0.7071069,
          0,
          -0.0013312491,
          2.9192512,
          2.920006,
          1
        ]
      }
    ]
  },
  "sceneViewportBackgroundColors" : {

  },
  "selectedSceneRelativePath" : "Gravestone 4.usda"
}